/*--------------------------------*- C++ -*----------------------------------*\
| =========                 |                                                 |
| \\      /  F ield         | OpenFOAM: The Open Source CFD Toolbox           |
|  \\    /   O peration     | Version:  v1812                                 |
|   \\  /    A nd           | Web:      www.OpenFOAM.com                      |
|    \\/     M anipulation  |                                                 |
\*---------------------------------------------------------------------------*/
FoamFile
{
    version     2.0;
    format      ascii;
    class       faceSet;
    location    "0.01/polyMesh/sets";
    object      inlet;
}
// * * * * * * * * * * * * * * * * * * * * * * * * * * * * * * * * * * * * * //


1618
(
229713
229785
229885
229887
229975
229976
230224
230443
230445
230631
230632
230673
230720
231137
231192
231246
231415
231423
231469
231537
231592
231630
231706
231759
231799
231841
231917
231966
231974
232017
232018
232150
232158
232159
232218
232219
232225
232534
232544
232545
232605
232606
232643
232654
232934
232943
232996
232997
233090
233129
233173
233509
233562
233611
233683
233684
233712
233723
233726
233743
233754
233765
233779
233780
233790
233791
233801
233802
233807
233811
233814
233819
233820
233828
233829
233831
233834
233835
233836
233842
233844
233845
233852
233853
233904
233905
233909
233910
233925
233926
233969
233971
233972
233995
233996
233997
234026
234028
234055
234056
234060
234066
234068
234069
234089
234090
234120
234124
234129
234134
234136
234147
234148
234154
234160
234161
234165
234175
234176
234184
234185
234193
234194
234201
234214
234215
234224
234232
234233
234238
234242
234243
234246
234247
234248
234257
234264
234265
234275
234276
234292
234294
234300
234301
234308
234309
234315
234316
234327
234328
234339
234340
234341
234346
234354
234361
234365
234366
234369
234370
234373
234375
234378
234379
234384
234392
234402
234403
234405
234406
234408
234414
234421
234422
234427
234428
234433
234434
234439
234440
234445
234446
234451
234452
234456
234458
234460
234461
234464
234470
234490
234495
234503
234508
234510
234520
234522
234550
234554
234555
234566
234567
234582
234585
234586
234598
234599
234603
234614
234617
234618
234678
234679
234683
234764
234785
234796
234799
234800
234835
234836
234853
234857
234933
234934
234935
234936
234978
234981
234982
234996
234997
235007
235008
235079
235080
235095
235096
235105
235106
235110
235124
235139
235140
235163
235164
235229
235245
235267
235268
235272
235301
235333
235334
235383
235393
235394
235407
235415
235416
235421
235426
235428
235430
235432
235433
235434
235435
235436
235437
235438
235440
235443
235445
235446
235447
235449
235450
235451
235452
235454
235455
235457
235458
235460
235461
235469
235471
235474
235476
235480
235481
235488
235489
235506
235507
235511
235515
235519
235520
235526
235534
235552
235563
235573
235575
235577
235580
235589
235592
235601
235603
235605
235608
235617
235620
235632
235640
235645
235651
235657
235659
235660
235662
235671
235676
235677
235686
235707
235708
235719
235720
235735
235741
235763
235769
235775
235781
235802
235803
235808
235809
235814
235815
235820
235821
235826
235827
235832
235833
235837
235838
235841
235842
235847
235848
235855
235856
235861
235862
235865
235866
235869
235870
235871
235872
235877
235878
235883
235884
235885
235886
235891
235892
235897
235898
235904
235906
235915
235916
235922
235923
235931
235932
235940
235941
235961
235970
235996
235997
236001
236004
236014
236021
236022
236023
236024
236027
236028
236040
236067
236068
236069
236070
236148
236278
236342
236343
236344
236345
236360
236445
236508
236572
236604
236650
236710
236728
236746
236778
236842
236892
220545
236942
220566
237179
237180
237181
237182
220799
237276
221012
237397
237416
221035
221036
237434
221064
221065
237466
237512
237548
237584
237620
221241
237688
221408
221409
221441
237884
221521
237918
237919
237922
221558
237971
237973
221635
221663
238173
238175
221817
221885
238322
238334
238450
238462
238498
222124
238510
238538
238550
222170
222171
238574
238586
238610
238618
238626
238634
238642
238650
238658
238666
238674
238682
238754
238766
222616
239142
239222
239234
239246
239258
239270
239290
239318
239354
239390
223009
223011
223068
223069
239482
223215
223332
223334
239773
239776
239788
239797
239798
239799
239800
239808
239820
239825
239826
239827
239828
223450
223451
239840
239848
239860
239872
239884
239896
239908
239920
239932
239945
239958
239970
239982
239987
239988
239989
239990
240002
240003
240004
240005
240006
240018
240027
240028
240029
240030
240034
240046
240054
240062
240070
240078
240086
240095
240103
240111
240119
240127
240135
240143
240151
240159
240167
240175
240183
240191
223809
240199
240207
240215
240223
240231
240239
240240
240241
240242
240243
240252
240253
240254
240255
240259
240271
240279
240287
240288
240289
240290
240291
240296
240297
240298
240299
240307
240310
240311
240314
240315
240318
240319
240322
240323
240326
240327
240330
240331
240334
240335
240338
240339
240342
240343
240346
240347
240349
240350
240351
240352
240353
240354
240355
240358
240359
240362
240363
240366
240367
240370
240371
240374
240375
240376
240378
240379
240382
240383
240385
240386
240387
240402
240403
240404
240405
240408
240409
240412
240413
240415
240416
240417
240434
240435
240437
240438
240439
240454
240455
240456
240457
240460
240461
240463
240464
240465
240480
240481
240482
240483
224099
240486
240487
240502
240503
240504
240505
240507
240508
240509
240524
240525
240526
240527
240530
240531
240546
240547
240548
240549
240564
240565
240566
240567
240582
240583
240584
240585
224210
240600
240601
240602
240603
240618
240619
240620
240621
240622
240623
240624
240625
240643
240644
240645
240660
240661
240662
240663
240664
240665
240666
240667
240682
240683
240684
240685
240686
240687
240688
240689
240692
240693
240696
240697
240700
240701
240704
240705
240708
240709
240712
240713
240716
240717
240718
240719
240720
240721
240737
240742
240743
240758
240759
240760
240761
240764
240765
240781
240784
240785
240786
240787
240809
240810
240811
240812
240827
240828
240829
240830
240845
240846
240847
240848
240863
240864
240865
240866
240881
240882
240883
240884
240899
240900
240901
240902
240917
240918
240919
240920
240935
240936
240937
240938
240953
240954
240955
240956
240986
240989
240990
240991
240992
240998
241006
241018
241034
241038
241042
241050
241064
241072
241080
241100
241112
241124
241147
241148
241149
241150
241160
241161
241162
241169
241170
241181
241182
241193
241194
241205
241206
241217
241218
241229
241230
241241
241242
241253
241254
241265
241266
241277
241278
241294
241305
241306
241307
241308
241309
241310
241321
241322
241333
241334
241345
241346
241357
241358
241367
241368
241369
241370
241381
241382
241393
241394
241403
241404
241405
241406
241416
241417
241418
241429
241430
241439
241441
241442
241453
241454
241455
241456
241457
241458
241484
241485
241486
241495
241496
241497
241498
241509
241510
241511
241512
241513
241514
241523
241524
241525
241526
241536
241537
241538
241547
241548
241549
241550
241561
241562
241563
241564
241565
241566
241575
241576
241577
241578
241588
241589
241590
241599
241600
241601
241602
241611
241612
241613
241614
241615
241616
241617
241618
241627
241628
241629
241630
241641
241642
241643
241644
241645
241646
241655
241656
241657
241658
241668
241669
241670
241679
241680
241681
241682
241691
241692
241693
241694
241695
241696
241697
241698
241707
241708
241709
241710
241719
241720
241721
241722
241723
241724
241725
241726
241735
241736
241737
241738
241747
241748
241749
241750
241751
241752
241753
241754
241763
241764
241765
241766
241775
241776
241777
241778
241779
241780
241781
241782
241791
241792
241793
241794
241803
241804
241805
241806
241807
241808
241809
241810
241819
241820
241821
241822
241835
241836
241837
241838
241845
241846
241853
241854
241859
241860
241861
241862
241872
241873
241874
241875
241876
241877
241878
241887
241888
241889
241890
241893
241894
241905
241906
241919
241920
241921
241922
241927
241928
241929
241930
241939
241940
241941
241942
241943
241944
241945
241946
241957
241958
225575
241967
241968
241969
241970
241973
241974
241985
241986
241997
241998
242001
242002
242013
242014
225633
242025
242026
242029
242030
242041
242042
242053
242054
242057
242058
242069
242070
242081
242082
242085
242086
242097
242098
242109
242110
242113
242114
242125
242126
242137
242138
242141
242142
242151
242152
242153
242154
242165
242166
225782
242167
225783
242168
242169
242170
242179
242180
242181
242182
242191
242192
242193
242194
242195
242196
242197
242198
242207
242208
242209
242210
242215
242216
242217
242218
225838
242223
242224
242225
242226
242237
242238
242239
242240
242241
242242
242252
242253
242254
242263
242264
242265
242266
242268
242269
242270
242285
242286
242291
242292
242293
242294
242299
242300
242301
242302
242307
242308
242309
242310
242319
242320
242321
242322
242323
242324
242325
242326
242342
242343
242344
242345
242354
242355
242356
242357
242358
242359
242360
242361
242370
242371
242372
242373
242382
242383
242384
242385
242386
242387
242388
242389
242398
242399
242400
242401
242410
242411
242412
242413
242414
242415
242416
242417
242426
242427
242428
242429
242438
242439
242440
242441
242442
242443
242444
242445
242456
242457
242467
242468
242469
242470
242471
242472
242473
242482
242483
242484
242485
242487
242488
242489
242498
242499
242500
242501
226118
242504
242505
242514
242515
242516
242517
242526
242527
242528
242529
242530
242531
242532
242533
242544
242545
242555
242556
242557
242558
242559
242560
242561
242570
242571
242572
242573
242575
242576
242577
242586
242587
242588
242589
242592
242593
242604
242605
226225
242615
242616
242617
242618
242619
242620
242621
242630
242631
242632
242633
242635
242636
242637
242646
242647
242648
242649
242652
242653
242664
242665
242675
242676
242677
242683
242684
242685
242690
242691
242692
242693
242696
242697
242706
242708
242709
242712
242713
242724
242725
242728
242729
242739
242740
242741
242742
242743
242744
242745
242754
242755
242756
242757
242759
242760
242761
242772
242773
242776
242777
242788
242789
242790
242792
242793
242804
242805
242816
242817
242820
242821
242832
242833
242836
242837
242848
242849
242852
242853
242864
242865
242868
242869
242878
242879
242880
242881
242884
242885
242897
242898
242899
242900
242901
242911
242912
242913
226531
226532
242920
242921
242924
242925
242936
242937
242940
242941
242952
242953
242956
242957
242968
242969
242972
242973
226593
226594
242984
242985
226601
242988
242989
243000
243001
243004
243005
243016
243017
243020
243021
243032
243033
243036
243037
243048
243049
243052
243053
243064
243065
243068
243069
243079
243080
243081
243086
243087
243088
243089
243093
243103
243104
243105
243106
243107
243108
243109
243110
243111
243112
243113
243114
243115
243116
243117
243118
243119
243120
243121
243122
243123
243124
243125
243126
243127
243128
243129
243130
243131
243132
243133
243134
243135
243136
243137
243138
243139
243140
243141
243146
243147
243148
243149
243154
243155
243156
243157
243167
243168
243169
243178
243179
243180
243181
243182
243183
243184
243185
243186
243187
243188
243189
243190
243191
243192
243193
243198
226814
243199
243200
243201
243206
243207
243208
243209
243218
243219
243220
243221
243226
243227
243228
243229
226845
243234
243235
243236
243237
226855
243246
243247
243248
243249
243254
243255
243256
243257
243266
243267
243268
243269
243274
243275
243276
243277
243282
243283
243284
243285
243294
243295
243296
243297
243302
243303
243304
243305
243310
243311
243312
243313
243322
243323
243324
243325
243331
243332
243333
243334
243335
243336
243337
243346
243347
243348
243349
226966
243351
243352
243353
243366
243367
243368
243369
227033
227069
227182
227345
227399
227409
227589
227627
228109
228118
228119
228120
228175
228176
228177
228204
228205
228212
228213
228255
228256
228400
228401
228457
228458
228626
228685
228888
228889
228935
228936
228969
228970
229033
229034
229137
)


// ************************************************************************* //
