/*--------------------------------*- C++ -*----------------------------------*\
| =========                 |                                                 |
| \\      /  F ield         | OpenFOAM: The Open Source CFD Toolbox           |
|  \\    /   O peration     | Version:  v1812                                 |
|   \\  /    A nd           | Web:      www.OpenFOAM.com                      |
|    \\/     M anipulation  |                                                 |
\*---------------------------------------------------------------------------*/
FoamFile
{
    version     2.0;
    format      ascii;
    class       faceSet;
    location    "0.01/polyMesh/sets";
    object      outlet;
}
// * * * * * * * * * * * * * * * * * * * * * * * * * * * * * * * * * * * * * //


1616
(
229749
229821
229853
229855
229917
229919
229952
229953
229992
229993
230192
230252
230418
230420
230468
230470
230607
230608
230621
230622
230646
230647
230653
230654
230681
230682
230684
230702
230735
230736
230738
230749
231170
231225
231257
231272
231443
231449
231502
231570
231612
231666
231742
231779
231810
231823
231877
231953
231992
231998
232026
232040
232041
232176
232181
232182
232246
232247
232256
232565
232572
232573
232626
232627
232676
232688
232968
232976
233017
233018
233155
233209
233545
233588
234087
234088
234099
234100
234131
234137
234149
234150
234153
234159
234162
234163
234164
234166
234167
234168
234169
234170
234172
234173
234178
234179
234181
234182
234187
234188
234190
234191
234196
234197
234200
234206
234207
234208
234210
234211
234217
234218
234220
234228
234235
234236
234237
234239
234240
234241
234244
234245
234249
234250
234251
234253
234261
234266
234267
234268
234273
234274
234285
234286
234288
234290
234296
234298
234304
234305
234312
234313
234325
234326
234337
234338
234342
234343
234344
234350
234358
234362
234363
234364
234367
234368
234371
234372
234374
234376
234381
234382
234396
234400
234401
234413
234419
234424
234425
234430
234431
234436
234437
234442
234443
234448
234449
234454
234455
234457
234459
234462
234463
234469
234475
234476
234477
234491
234499
234507
234509
234514
234518
234526
234530
234538
234539
234547
234548
234564
234565
234576
234577
234592
234596
234597
234609
234610
234613
234624
234628
234629
234689
234690
234693
234697
234698
234701
234714
234730
234731
234774
234795
234813
234817
234818
234840
234851
234852
234856
234860
234950
234951
234969
234970
234988
234992
234993
235001
235005
235006
235018
235019
235029
235030
235090
235091
235103
235104
235116
235117
235120
235127
235128
235131
235154
235155
235171
235172
235173
235174
235232
235234
235248
235249
235259
235278
235279
235282
235338
235342
235343
235386
235387
235390
235398
235402
235403
235410
235411
235414
235498
235499
235504
235505
235530
235538
235541
235542
235543
235544
235546
235547
235548
235551
235557
235560
235567
235571
235581
235583
235585
235588
235593
235595
235597
235600
235609
235611
235613
235616
235621
235623
235625
235628
235636
235644
235650
235656
235667
235675
235684
235685
235690
235694
235701
235702
235706
235717
235718
235729
235730
235734
235738
235744
235747
235753
235757
235758
235766
235772
235778
235784
235792
235800
235805
235806
235811
235812
235817
235818
235823
235824
235829
235830
235835
235836
235839
235840
235843
235844
235851
235852
235859
235860
235863
235864
235867
235868
235873
235874
235875
235876
235879
235880
235881
235882
235887
235888
235889
235890
235893
235894
235895
235896
235899
235900
235901
235902
235908
235910
235912
235914
235917
235918
235919
235920
235925
235926
235928
235929
235934
235935
235937
235938
235943
235944
235946
235947
235964
235967
235973
235976
235978
235984
235991
235992
236009
236019
236025
236026
236029
236030
236035
236045
237979
237981
238181
238183
238330
238342
238398
238402
238404
238406
238407
238408
238410
238458
238470
238506
238518
238546
238558
238582
238594
238614
238622
238630
238638
238646
238654
238662
238670
238678
238686
238762
238774
239150
239162
239226
239230
239238
239242
239250
239254
239262
239266
239274
239278
239298
239306
239326
239338
239362
239370
239398
239406
239490
239498
239628
239784
239792
239793
239794
239795
239796
239801
239802
239803
239804
239812
239816
239824
239832
239836
239844
239852
239856
239864
239868
239876
239880
239888
239892
239900
239904
239912
239916
239924
239928
239936
239941
239949
239954
239962
239966
239974
239978
239986
239994
239995
239996
239997
239998
240010
240011
240012
240013
240014
240019
240020
240021
240022
240026
240035
240036
240037
240038
240042
240050
240058
240066
240074
240082
240090
240099
240107
240115
240123
240131
240139
240147
240155
240163
240171
240179
240187
240195
240203
240211
240219
240227
240235
240247
240248
240249
240250
240251
240260
240261
240262
240263
240267
240275
240283
240292
240293
240294
240295
240300
240301
240302
240303
241014
241026
241046
241054
241068
241076
241084
241088
241104
241108
241116
241120
241132
241140
241154
241155
241156
241157
241158
241164
241165
241166
241173
241174
241177
241178
241185
241186
241189
241190
241197
241198
241201
241202
241209
241210
241213
241214
241221
241222
241225
241226
241233
241234
241237
241238
241245
241246
241249
241250
241257
241258
241261
241262
241269
241270
241273
241274
241281
241282
241285
241286
241288
241289
241290
241295
241296
241297
241298
241302
241313
241314
241315
241316
241317
241318
241325
241326
241329
241330
241337
241338
241341
241342
241349
241350
241353
241354
241361
241362
241365
241366
241373
241374
241375
241376
241377
241378
241385
241386
241387
241388
241389
241390
241397
241398
241401
241402
241408
241409
241410
241411
241412
241413
241414
241419
241420
241421
241422
241424
241425
241426
241433
241434
241437
241438
241445
241446
241447
241448
241449
241450
241461
241462
241463
241464
241465
241466
241468
241469
241470
241471
241472
241473
241474
241475
241476
241477
241478
241480
241481
241482
241489
241490
241493
241494
241501
241502
241503
241504
241505
241506
241517
241518
241519
241520
241521
241522
241528
241529
241530
241531
241532
241533
241534
241539
241540
241541
241542
241544
241545
241546
241553
241554
241555
241556
241557
241558
241569
241570
241571
241572
241573
241574
241580
225196
241581
241582
241583
241584
241585
241586
241591
241592
241593
241594
241596
241597
241598
241605
241606
241607
241608
241609
241610
241619
241620
241621
241622
241623
241624
241625
241626
225245
241631
241632
241633
241634
241635
241636
241637
241638
241649
241650
241651
241652
241653
241654
241660
241661
241662
241663
241664
241665
241666
241671
241672
241673
241674
241676
241677
241678
225295
241685
241686
241687
241688
241689
241690
241699
241700
241701
241702
241703
241704
241705
241706
241711
241712
241713
241714
241715
241716
241717
241718
241727
241728
241729
241730
241731
241732
241733
241734
241739
241740
241741
241742
241743
241744
241745
241746
241755
241756
241757
241758
241759
241760
241761
241762
241767
241768
241769
241770
241771
241772
241773
241774
241783
241784
241785
241786
241787
241788
241789
241790
241795
241796
241797
241798
241799
241800
241801
241802
241811
241812
241813
241814
241815
241816
241817
241818
241823
241824
241825
241826
241827
241828
241829
241830
241831
241832
241833
241834
241839
241840
241841
241842
241849
241850
241857
241858
241864
241865
241866
241867
241868
241869
241870
241880
241881
241882
241883
241884
241885
241886
241895
241896
241897
241898
241901
241902
241907
241908
241909
241910
241913
241914
241915
241916
241917
241918
241923
241924
241925
241926
241931
241932
241933
241934
241935
241936
241937
241938
241947
241948
241949
241950
241951
241952
241953
241954
241959
241960
241961
241962
241965
241966
241975
241976
241977
241978
241981
241982
241989
241990
241993
241994
225611
242005
242006
242009
242010
242017
242018
242021
242022
242033
242034
242037
225653
242038
242045
242046
242049
242050
242061
242062
242065
242066
242073
242074
242077
242078
225694
242089
242090
242093
242094
242101
242102
242105
242106
242117
242118
242121
242122
242129
242130
242133
242134
242145
242146
242149
242150
242157
242158
242159
242160
242161
242162
242173
242174
242175
242176
242177
242178
242183
242184
242185
242186
242187
242188
242189
242190
225810
225811
242199
242200
242201
242202
242203
242204
242205
242206
242211
242212
242213
242214
242219
242220
242221
242222
242229
242230
242231
242232
242233
242234
242245
242246
242247
225863
242248
242249
242250
242255
242256
242257
225873
242258
242260
242261
242262
242271
242272
242273
242274
242276
242277
242278
242281
242282
242289
242290
242295
242296
242297
242298
242303
242304
242305
242306
242311
242312
242313
242314
242315
242316
242317
242318
242327
242328
242329
242330
242331
242332
242333
242334
242346
242347
242348
242349
242350
242351
242352
242353
242362
242363
242364
242365
242366
242367
242368
242369
242374
242375
242376
242377
242378
242379
242380
242381
242390
242391
242392
242393
242394
242395
242396
242397
242402
242403
242404
242405
242406
242407
242408
242409
242418
242419
242420
242421
242422
242423
242424
242425
242430
242431
242432
242433
242434
242435
242436
242437
242446
242447
242448
242449
242450
242451
242452
242453
242458
242459
242460
242461
242464
242465
242475
242476
242477
242478
242479
242480
242481
242490
242491
242492
242493
242495
242496
242497
242506
242507
242508
242509
242512
242513
242518
242519
242520
242521
242522
242523
242524
242525
226141
242534
242535
226151
242536
242537
242538
242539
242540
242541
242546
242547
242548
242549
242552
242553
242563
242564
242565
242566
242567
242568
242569
226188
226189
242578
242579
242580
242581
242583
242584
242585
242594
242595
242596
242597
242600
242601
242606
242607
242608
242609
242612
242613
242623
242624
242625
242626
242627
242628
242629
226249
226250
242638
242639
242640
242641
242643
226259
242644
242645
242654
242655
242656
242657
242660
242661
242666
242667
242668
242669
242672
242673
242679
242680
242681
242687
242688
242689
242698
242699
242700
242701
242704
242705
242714
242716
242717
242720
242721
242732
242733
242736
242737
242747
242748
242749
242750
242751
242752
242753
242762
242763
242764
242765
242767
242768
242769
242780
242781
242784
242785
242796
242797
242798
242800
242801
242806
242807
242808
242809
242812
242813
242824
242825
242828
242829
242840
242841
242844
242845
242856
242857
242860
242861
242872
242873
242876
242877
242886
242887
242888
242889
242892
242893
242905
242906
242907
242908
242909
242915
242916
242917
242928
242929
242932
242933
226552
226559
242944
226560
242945
242948
242949
242960
242961
242964
242965
242976
242977
242980
242981
242992
242993
242996
242997
226621
226622
243008
243009
243012
243013
226632
243024
243025
243028
243029
243040
243041
243044
243045
226671
243056
243057
243060
243061
243072
243073
243076
243077
243083
243084
243085
243094
243095
243096
243097
243101
243142
243143
243144
243145
243150
243151
243152
243153
243159
243160
243161
243162
243163
243164
243165
226783
243170
243171
243172
243173
243175
243176
243177
243194
243195
243196
243197
243202
243203
243204
243205
226823
226824
243210
243211
243212
243213
243214
243215
243216
243217
243222
243223
243224
243225
226843
243230
243231
243232
243233
243238
243239
243240
243241
243242
243243
243244
243245
243250
243251
243252
243253
243258
243259
243260
226876
243261
243262
243263
243264
243265
243270
243271
243272
226888
243273
243278
243279
243280
243281
243286
243287
243288
243289
243290
243291
243292
243293
243298
243299
243300
243301
243306
243307
243308
243309
243314
226930
243315
243316
243317
243318
243319
243320
243321
243326
243327
243328
243329
243339
243340
243341
243342
243343
243344
243345
243354
243355
243356
243357
243359
243360
243361
243362
243363
243364
243365
243370
243371
243372
243373
227002
227042
227061
227096
227146
227218
227254
227310
227378
227430
227442
227598
227619
227663
227714
228145
228188
228234
228235
228272
228273
228432
228433
228482
228483
228657
228713
228912
228913
228952
228953
229001
229002
229065
229066
229101
229173
)


// ************************************************************************* //
