/*--------------------------------*- C++ -*----------------------------------*\
| =========                 |                                                 |
| \\      /  F ield         | OpenFOAM: The Open Source CFD Toolbox           |
|  \\    /   O peration     | Version:  v1812                                 |
|   \\  /    A nd           | Web:      www.OpenFOAM.com                      |
|    \\/     M anipulation  |                                                 |
\*---------------------------------------------------------------------------*/
FoamFile
{
    version     2.0;
    format      ascii;
    class       faceSet;
    location    "constant/polyMesh/sets";
    object      inlet;
}
// * * * * * * * * * * * * * * * * * * * * * * * * * * * * * * * * * * * * * //


2108
(
724819
724820
724829
724971
724979
724980
724990
724991
725031
725070
725071
725079
725096
725097
725104
725119
725120
725156
725157
725180
725225
725239
725240
725241
725338
725433
725434
725453
725454
725491
725492
725521
725522
725550
725551
725622
725680
725704
726052
726068
726069
726108
726109
726124
726173
726204
726205
726219
726220
726223
726250
726256
726257
726262
726280
726289
726304
726305
726322
726354
726355
726360
726380
726390
726443
726446
726447
726458
726459
726466
726467
726468
726471
726472
726479
726480
726500
726501
726516
726517
726536
726537
726550
726551
726600
726601
726606
726607
726616
726617
726630
726631
726650
726686
726694
726712
726713
726732
726733
726782
726783
726816
726817
726850
726851
726868
726880
726938
726945
726960
726961
726982
726985
726986
727020
727021
727031
727040
727048
727049
727064
727065
727077
727086
727093
727096
727097
727113
727114
727135
727138
727139
727157
727158
727161
727196
727201
727202
727222
727223
727233
727264
727282
727283
727310
727311
727319
727320
727333
727423
727440
727441
727456
727457
727485
727486
727498
727499
727502
727511
727512
727515
727520
727521
727530
727531
727535
727542
727543
727547
727548
727549
727550
727556
727557
727559
727560
727561
727562
727565
727566
727567
727568
727602
727603
727606
727616
727649
727652
727653
727668
727669
727670
727690
727691
727708
727709
727715
727716
727726
727727
727746
727749
727753
727754
727755
727767
727772
727773
727778
727783
727784
727806
727814
727815
727831
727836
727837
727843
727844
727845
727849
727855
727863
727864
727875
727876
727880
727881
727885
727886
727889
727890
727891
727897
727898
727899
727906
727911
727915
727916
727917
727921
727922
727926
727927
727930
727931
727941
727942
727943
727944
727945
727946
727947
727948
727955
727956
727964
727974
727975
727979
727986
727987
727990
727991
727994
727996
727997
728002
728003
728021
728022
728027
728031
728034
728035
728044
728067
728068
728073
728074
728081
728083
728084
728095
728096
728105
728108
728109
728145
728146
728215
728216
728226
728227
728239
728245
728306
728307
728308
728330
728331
728339
728340
728348
728349
728417
728418
728432
728433
728440
728441
728444
728464
728465
728480
728535
728553
728599
728600
728632
728633
728648
728649
728652
728653
728654
728655
728656
728657
728658
728659
728660
728661
728662
728663
728664
728665
728666
728667
728668
728669
728670
728671
728672
728673
728674
728675
728678
728680
728682
728683
728684
728691
728692
728700
728703
728704
728705
728706
728724
728725
728726
728731
728732
728733
728740
728741
728742
728747
728748
728760
728762
728767
728774
728783
728784
728789
728790
728797
728803
728818
728822
728826
728830
728837
728838
728841
728842
728845
728846
728849
728850
728853
728854
728857
728858
728861
728863
728865
728866
728867
728871
728872
728873
728876
728877
728880
728881
728884
728885
728886
728887
728892
728893
728898
728899
728900
728901
728906
728907
728912
728913
728918
728919
728920
728927
728928
728933
728934
728939
728940
728945
728946
728954
728960
728983
728984
728985
728987
728998
728999
729000
729001
729004
729005
729016
729026
729069
729094
729096
729118
729134
729148
729161
729168
729181
729188
729195
729202
729216
729230
729244
729561
729562
729563
729564
729565
729580
729581
729582
729636
729637
729638
730048
730049
730050
730057
730059
730062
730066
730068
730071
730074
730077
730080
730083
730086
730089
730093
730097
730100
730103
730105
730108
730109
730111
730113
730116
730118
730120
730122
730124
730126
730129
730131
730133
730135
730137
730139
730141
730143
730145
730147
730149
730151
730153
730155
730157
730159
730161
730163
730165
730168
730169
730171
730173
730176
730177
730179
730180
730181
730182
730183
730184
730185
730192
730205
730212
730219
730226
730245
730252
730273
730280
730281
730282
730283
730291
730323
730330
730374
730428
730432
730434
730438
730439
730442
730443
730447
730451
730456
730458
730459
730462
730467
730468
730474
730475
730477
730478
730481
730483
730485
730487
730491
730493
730494
730495
730498
730500
730503
730509
730510
730512
730513
730514
730516
730520
730523
730524
730525
730528
730530
730535
730536
730537
730539
730540
730541
730545
730546
730548
730549
730551
730556
730557
730559
730561
730562
730563
730566
730569
730572
730575
730581
730584
730585
730586
730587
730588
730590
730591
730594
730598
730601
730602
730605
730608
730609
730611
730612
730614
730617
730621
730622
730623
730625
730626
730629
730630
730631
730632
730633
730634
730637
730638
730639
730641
730643
730644
730646
730648
730650
730654
730656
730657
730658
730659
732037
732662
732674
733141
733147
733457
733461
733462
733480
733483
733764
733768
733795
734043
734047
734048
734080
734294
734489
734490
734730
734731
734773
734893
735023
735071
735180
735181
735231
735389
735390
735444
735549
735550
735605
735716
735717
735774
735902
736082
736084
736196
736197
736366
736367
736428
736429
736519
736520
736581
736668
736812
736813
736877
736878
736962
737026
737178
737180
737333
737335
737485
737486
737488
737635
737636
737638
737783
737784
737786
737869
737933
738019
738081
738082
738165
738228
738229
738313
738373
738374
738375
738376
738452
738598
738648
738708
738853
738854
738867
738923
738957
739011
739012
739092
739093
739094
739132
739180
739181
739182
739261
739262
739346
739347
739348
739349
739350
739395
739438
739439
739440
739442
739447
739483
739485
739522
739524
739525
739526
739597
739598
739631
739633
739634
739635
739636
739638
739722
739723
739725
739726
739727
739728
739729
739761
739765
739785
739788
739789
739791
739820
739825
739826
739828
739845
739847
739849
739851
739852
739853
739854
739855
739859
739937
739938
739941
739942
739944
739945
739947
739949
739950
739953
739954
739956
739959
739960
739962
739963
739965
739966
739967
739968
739969
739977
740071
740175
740231
740237
740267
740268
740271
740286
740292
740315
740316
740325
740338
740357
740362
740363
740374
740384
740389
740390
740401
740407
740413
740428
740434
740447
740451
740459
740464
740474
740480
740489
740495
740504
740505
740509
740510
740515
740534
740539
740540
740549
740555
740561
740567
740586
740591
740596
740597
740604
740627
740633
740635
740647
740711
740719
740725
740731
740733
740758
740763
740764
740772
740792
740811
740820
740821
740829
740838
740842
740847
740848
740853
740858
740872
740888
740907
740923
740942
740959
740966
740967
740975
740991
740992
741000
741016
741035
741042
741054
741076
741083
741108
741166
741202
741267
741335
741339
741341
741349
741351
741356
741357
741359
741367
741368
741370
741379
741380
741386
741395
741396
741398
741406
741408
741413
741415
741422
741423
741425
741432
741439
741440
741442
741451
741452
741458
741465
741467
741468
741470
741478
741486
741488
741489
741499
741502
741514
741515
741524
741526
741535
741537
741544
741545
741547
741552
741555
741560
741570
741571
741579
741586
741587
741588
741614
741615
741617
741618
741622
741630
741632
741636
741637
741639
741647
741653
741659
741661
741662
741664
741665
741671
741672
741673
741675
741696
741697
741703
741705
741714
741723
741724
741725
741753
741755
741756
741761
741762
741771
741773
741774
741782
741799
741803
741805
741809
741810
741811
741812
741817
741820
741821
741826
741833
741834
741835
741836
741843
741846
741855
741857
741858
741859
741864
741865
741879
741889
741891
741897
741906
741908
741919
741932
741934
741935
741936
741937
741943
741944
741956
741958
741959
741964
741965
741974
741976
741978
741985
741986
741994
741996
742003
742004
742005
742012
742013
742019
742025
742029
742030
742032
742038
742039
742040
742056
742057
742059
742063
742065
742076
742079
742085
742086
742087
742098
742105
742107
742112
742126
742127
742128
742136
742137
742153
742154
742159
742161
742175
742176
742178
742179
742186
742187
742198
742199
742201
742206
742208
742220
742225
742233
742239
742242
742243
742251
742256
742258
742259
742265
742268
742269
742281
742284
742285
742291
742294
742301
742308
742311
742312
742318
742328
742333
742336
742337
742343
742352
742358
742361
742366
742367
742376
742377
742386
742388
742389
742391
742398
742405
742406
742416
742417
742419
742424
742426
742438
742439
742441
742446
742447
742459
742460
742462
742463
742467
742468
742484
742485
742492
742501
742507
742508
742514
742521
742525
742532
742533
742535
742541
742554
742556
742559
742561
742562
742569
742570
742571
742578
742579
742580
742582
742586
742587
742600
742601
742606
742612
742617
742618
742624
742635
742636
742641
742642
742655
742659
742660
742678
742679
742680
742692
742693
742698
742708
742711
742716
742717
742719
742724
742739
742740
742741
742751
742758
742763
742770
742778
742779
742786
742792
742810
742814
742815
742816
742824
742826
742831
742837
742848
742854
742855
742856
742858
742864
742871
742872
742885
742891
742892
742899
742900
742902
742907
742922
742928
742942
742943
742951
742958
742967
742981
742992
742993
742994
742996
743001
743008
743031
743039
743046
743052
743068
743085
743086
743088
743092
743093
743104
743228
743229
743242
743264
743265
743321
743322
743337
743338
743342
743372
743382
743401
743438
743439
743453
743475
743484
743554
743556
743560
743567
743568
743569
743580
743581
743594
743598
743641
743642
743643
743650
743651
743660
743664
743755
743763
743764
743817
743833
743834
743835
743844
743850
743911
743922
743953
743961
743962
743976
743978
744037
744045
744046
744058
744059
744060
744073
744074
744123
744124
744134
744135
744144
744145
744151
744176
744177
744179
744192
744193
744297
744298
744317
744318
744319
744327
744338
744353
744354
744359
744360
744361
744366
744367
744368
744369
744376
744385
744390
744391
744394
744395
744396
744397
744400
744403
744411
744422
744426
744427
744428
744434
744435
744436
744437
744440
744444
744445
744446
744447
744455
744460
744463
744464
744468
744469
744471
744488
744489
744507
744508
744509
744514
744517
744518
744519
744526
744527
744528
744534
744535
744536
744537
744543
744544
744545
744546
744555
744556
744557
744565
744566
744567
744568
744578
744579
744580
744581
744587
744590
744592
744593
744594
744595
744596
744608
744609
744610
744616
744617
744625
744628
744632
744636
744641
744647
744648
744649
744650
744651
744652
744666
744667
744673
744675
744676
744678
744680
744682
744683
744684
744685
744704
744706
744707
744708
744711
744712
744713
744714
744718
744719
744720
744721
744726
744727
744731
744732
744733
744736
744737
744738
744739
744743
744744
744747
744758
744762
744765
744766
744767
744775
744776
744777
744791
744792
744797
744798
744805
744806
744817
744818
744821
744822
744823
744828
744829
744836
744837
744838
744863
744864
744866
744867
744871
744872
744877
744887
744894
744896
744903
744904
744906
744912
744916
744919
744921
744923
744924
744928
744929
744934
744936
744937
744941
744942
744948
744950
744951
744958
744959
744967
744973
744974
744980
744984
744985
744989
744990
744992
744993
744994
744996
744998
745000
745001
745002
745003
745004
745005
745007
745010
745011
745012
745013
745014
745015
745016
745017
745021
745022
745024
745026
745029
745031
745032
745043
745044
745050
745052
745056
745064
745065
745073
745079
745081
745082
745084
745092
745097
745100
745108
745114
745118
745121
745122
745127
745128
745134
745138
745141
745154
745155
745162
745163
745182
745186
745190
745194
745205
745206
745209
745210
745213
745214
745217
745218
745221
745222
745225
745226
745229
745230
745233
745237
745241
745244
745246
745248
745249
745252
745255
745256
745259
745262
745265
745271
745274
745275
745280
745281
745286
745287
745298
745304
745317
745318
745320
745321
745326
745327
745332
745333
745334
745335
745338
745339
745344
745351
745355
745399
745400
745429
745433
745434
745466
745467
745484
745500
745501
745502
745524
745525
745538
745539
745556
745557
745558
745574
745585
745599
745609
745631
745653
745654
745655
745760
745761
745771
745772
745784
745785
745791
745806
745807
745814
745829
745830
745837
745838
745845
745846
745847
745848
745856
745857
745865
745866
745873
745880
745881
745882
745889
745896
745915
745916
745917
745923
745943
745952
745953
745967
745968
745978
745979
745980
745992
745993
746028
746029
746039
746040
746041
746042
746067
746068
746080
746081
746082
746125
746146
746173
746275
747076
747082
747090
747091
747106
747107
747186
747187
747194
747195
747206
747311
747316
747317
747334
747337
747343
747345
747348
747350
747353
747356
747358
747359
747360
747361
747363
747366
747369
747371
747373
747374
747381
747382
747384
747386
747387
747395
747396
747403
747404
747406
747407
747408
747415
747423
747424
747431
747433
747440
747441
747448
747449
747456
747457
747464
747465
747472
747473
747474
747475
747482
747483
747490
747491
747498
747499
747500
747502
747504
747507
747509
747512
747513
747523
747530
747532
747541
747548
747555
747562
747569
747576
747583
747590
747597
747604
747619
747696
747697
747702
747703
747710
747715
747719
747725
747741
747749
747760
747761
747766
747770
747779
747783
747787
747796
747800
747801
747806
747817
747829
747830
747834
747839
747840
747841
747845
747846
747849
747853
747858
747862
747867
747868
747872
747876
747877
747882
747887
747888
747889
747893
747896
747897
747900
747904
747905
747909
747913
747914
747918
747919
747922
747923
747924
747927
747931
747932
747933
747936
747940
747941
747946
747947
747952
747955
747960
747961
747966
747967
747968
747972
747974
747982
747985
747986
747990
747991
747992
747993
747997
748001
748003
748023
748025
748030
748035
748037
748041
748046
748052
748064
748073
748074
748079
748080
748081
748084
748085
748089
748090
748091
748095
748098
748099
748102
748107
748108
748112
748113
748117
748118
748119
748127
748128
748130
748131
748133
748134
748139
748140
748141
748145
748150
748151
748155
748156
748160
748161
748162
748166
748169
748170
748171
748172
748175
748176
748180
748181
748182
748191
748192
748193
748198
748199
748200
748204
748209
748213
748214
748215
748220
748223
748224
748225
748226
748229
748230
748231
748232
748235
748236
748241
748245
748246
748247
748251
748252
748253
748256
748258
748267
748268
748270
748271
748273
748280
748282
748288
748294
748295
748300
748301
748302
748308
748325
748330
748332
748337
748343
748349
748356
748361
748362
748366
748368
748374
748379
748386
748392
748398
748400
748407
748412
748418
748420
748426
748429
748432
748438
748439
748440
748441
748442
748443
748444
748445
748446
748447
748448
748449
748450
748451
748452
748455
748456
748459
748463
748464
748467
748468
748469
748470
748471
748474
748476
748481
748483
748484
748487
748491
748492
748494
748499
748501
748502
748505
748506
748510
748512
748515
748519
748520
748522
748523
748524
748528
748529
748535
)


// ************************************************************************* //
