/*--------------------------------*- C++ -*----------------------------------*\
| =========                 |                                                 |
| \\      /  F ield         | OpenFOAM: The Open Source CFD Toolbox           |
|  \\    /   O peration     | Version:  v1812                                 |
|   \\  /    A nd           | Web:      www.OpenFOAM.com                      |
|    \\/     M anipulation  |                                                 |
\*---------------------------------------------------------------------------*/
FoamFile
{
    version     2.0;
    format      ascii;
    class       faceSet;
    location    "constant/polyMesh/sets";
    object      outlet;
}
// * * * * * * * * * * * * * * * * * * * * * * * * * * * * * * * * * * * * * //


2109
(
725970
725971
725982
725983
725995
726064
726071
726072
726078
726079
726116
726117
726134
726154
726161
726162
726175
726176
726181
726208
726211
726212
726225
726226
726228
726232
726246
726251
726252
726255
726267
726268
726273
726277
726285
726292
726293
726298
726311
726312
726319
726327
726332
726333
726365
726366
726369
726381
726382
726386
726396
726403
726453
726463
726475
726476
726483
726484
726511
726512
726525
726526
726544
726545
726560
726561
726604
726605
726610
726611
726625
726626
726642
726643
726647
726655
726691
726699
726707
726708
726724
726725
726730
726731
726736
726737
726777
726778
726793
726794
726811
726812
726827
726828
726843
726844
726847
726848
726849
726857
726858
726862
726863
726864
726871
726872
726876
726885
726886
726890
726942
726953
726966
726970
726971
726994
726997
726998
727027
727028
727036
727045
727057
727058
727070
727073
727074
727082
727091
727104
727107
727108
727117
727120
727121
727145
727147
727148
727165
727166
727170
727208
727211
727212
727227
727228
727245
727275
727287
727288
727329
727330
727348
727438
727450
727451
727724
727725
727730
727731
727750
727751
727756
727757
727768
727770
727771
727776
727777
727779
727780
727781
727782
727785
727786
727787
727788
727789
727790
727791
727792
727794
727795
727798
727799
727801
727808
727809
727812
727813
727820
727821
727822
727823
727824
727825
727826
727827
727828
727833
727834
727835
727838
727839
727840
727841
727842
727846
727847
727848
727850
727854
727856
727860
727861
727862
727868
727869
727870
727872
727873
727878
727883
727888
727894
727895
727896
727904
727905
727907
727913
727914
727918
727919
727920
727923
727924
727925
727928
727929
727932
727933
727934
727940
727953
727954
727961
727962
727966
727967
727970
727977
727981
727982
727985
727988
727989
727992
727993
727995
728000
728001
728006
728007
728008
728023
728024
728029
728033
728036
728037
728041
728047
728055
728056
728057
728063
728064
728071
728072
728077
728078
728089
728093
728094
728102
728103
728115
728119
728120
728152
728153
728158
728159
728163
728169
728170
728199
728214
728223
728224
728231
728237
728238
728244
728250
728316
728317
728327
728337
728338
728346
728347
728357
728358
728367
728368
728427
728428
728438
728439
728449
728450
728453
728458
728459
728474
728475
728486
728487
728488
728489
728540
728543
728547
728548
728550
728561
728562
728563
728605
728606
728629
728630
728639
728640
728645
728646
728695
728696
728698
728699
728714
728715
728716
728717
728719
728727
728728
728729
728730
728734
728735
728736
728737
728738
728739
728743
728744
728745
728746
728749
728750
728751
728752
728753
728773
728775
728776
728779
728780
728782
728787
728788
728793
728794
728796
728800
728806
728809
728812
728813
728814
728820
728824
728828
728832
728834
728836
728839
728840
728843
728844
728847
728848
728851
728852
728855
728856
728859
728860
728862
728864
728868
728869
728870
728874
728875
728878
728879
728882
728883
728888
728889
728890
728891
728894
728895
728896
728897
728902
728903
728904
728905
728908
728909
728910
728911
728914
728915
728916
728917
728921
728922
728923
728924
728925
728926
728929
728930
728931
728932
728935
728936
728937
728938
728941
728942
728943
728944
728947
728948
728949
728950
728956
728958
728962
728964
728966
728970
728971
728976
728977
728978
729002
729003
729006
729007
729008
729012
729020
729584
729585
729586
729640
729641
729642
730007
730056
730058
730060
730061
730063
730064
730065
730067
730069
730070
730072
730073
730075
730076
730078
730079
730081
730082
730084
730085
730087
730088
730090
730092
730094
730096
730098
730099
730101
730102
730104
730106
730107
730110
730112
730114
730115
730117
730119
730121
730123
730125
730127
730130
730132
730134
730136
730138
730140
730142
730144
730146
730148
730150
730152
730154
730156
730158
730160
730162
730164
730166
730167
730170
730172
730174
730178
730424
730425
730426
730427
730429
730430
730431
730433
730435
730436
730437
730440
730441
730444
730445
730446
730448
730449
730450
730452
730453
730454
730455
730457
730460
730461
730463
730464
730465
730466
730469
730470
730471
730472
730473
730476
730479
730480
730482
730484
730486
730488
730489
730490
730492
730496
730497
730499
730501
730502
730504
730505
730506
730507
730508
730511
730515
730517
730518
730519
730521
730522
730526
730527
730529
730531
730532
730533
730534
730538
730542
730543
730544
730547
730550
730552
730553
730554
730555
730558
730560
730564
730565
730567
730568
730570
730571
730573
730574
730576
730577
730578
730579
730580
730582
730583
730589
730592
730593
730595
730596
730597
730599
730600
730603
730604
730606
730607
730610
730613
730615
730616
730618
730619
730620
730624
730627
730628
730635
730636
730640
730642
730645
730647
730649
730651
730652
730653
730655
740143
740179
740235
740241
740274
740290
740296
740309
740329
740332
740335
740358
740361
740366
740367
740375
740385
740388
740393
740394
740402
740410
740418
740432
740438
740450
740455
740462
740470
740477
740483
740492
740500
740502
740507
740508
740512
740513
740514
740519
740524
740535
740538
740543
740544
740552
740558
740565
740571
740588
740592
740595
740600
740601
740605
740629
740631
740637
740639
740643
740651
740715
740723
740727
740729
740735
740737
740760
740767
740768
740773
740776
740778
740796
740802
740808
740814
740824
740830
740833
740840
740846
740850
740851
740855
740856
740863
740869
740876
740883
740893
740903
740910
740915
740927
740933
740947
740955
740960
740970
740971
740976
740979
740985
740995
740996
741001
741004
741020
741026
741036
741038
741046
741058
741064
741081
741086
741087
741112
741118
741170
741206
741268
741337
741340
741343
741361
741362
741363
741364
741371
741373
741374
741375
741383
741390
741391
741392
741401
741402
741403
741418
741419
741428
741435
741436
741445
741446
741447
741455
741462
741463
741464
741472
741473
741474
741475
741479
741481
741482
741483
741501
741503
741509
741512
741529
741530
741531
741532
741540
741541
741550
741551
741557
741562
741564
741565
741566
741574
741575
741576
741583
741591
741592
741593
741604
741605
741625
741626
741627
741641
741642
741643
741648
741650
741657
741658
741668
741700
741701
741707
741708
741710
741711
741718
741719
741720
741728
741729
741759
741765
741766
741767
741768
741775
741777
741778
741779
741785
741801
741815
741816
741823
741829
741830
741839
741840
741841
741845
741847
741861
741866
741868
741869
741870
741880
741894
741895
741900
741901
741902
741903
741909
741911
741912
741917
741918
741939
741940
741946
741947
741961
741966
741968
741969
741975
741980
741981
741982
741988
741989
741990
741991
741995
742007
742008
742009
742014
742016
742017
742018
742034
742035
742042
742043
742044
742060
742061
742062
742066
742067
742082
742090
742091
742092
742100
742109
742114
742115
742117
742131
742132
742133
742140
742156
742157
742158
742162
742163
742181
742182
742183
742188
742190
742191
742192
742202
742203
742204
742205
742209
742210
742211
742212
742213
742214
742221
742222
742224
742228
742229
742230
742231
742235
742245
742247
742248
742254
742257
742260
742261
742271
742273
742277
742279
742282
742283
742286
742287
742297
742298
742303
742304
742306
742309
742310
742313
742314
742322
742324
742325
742330
742334
742335
742338
742339
742347
742349
742354
742356
742359
742360
742362
742371
742372
742379
742380
742382
742384
742393
742394
742395
742399
742400
742402
742403
742404
742420
742421
742422
742423
742427
742428
742429
742430
742442
742443
742444
742449
742450
742464
742465
742469
742470
742471
742472
742488
742490
742494
742495
742496
742503
742511
742513
742517
742518
742519
742523
742537
742538
742543
742545
742557
742558
742563
742564
742565
742566
742583
742584
742589
742590
742591
742593
742603
742604
742608
742611
742613
742620
742621
742623
742626
742627
742629
742638
742640
742644
742645
742646
742656
742657
742662
742663
742683
742688
742689
742695
742696
742701
742702
742703
742709
742720
742721
742723
742726
742727
742730
742733
742744
742745
742746
742752
742753
742754
742755
742760
742761
742766
742767
742772
742782
742788
742790
742794
742795
742796
742800
742801
742819
742820
742827
742828
742833
742834
742835
742840
742859
742860
742862
742866
742867
742868
742875
742876
742881
742883
742887
742888
742895
742903
742904
742906
742909
742910
742911
742912
742931
742932
742938
742945
742946
742947
742949
742953
742954
742955
742961
742962
742963
742970
742975
742976
742977
742982
742984
742997
742999
743003
743004
743005
743011
743012
743018
743019
743020
743021
743027
743034
743035
743042
743055
743056
743057
743063
743064
743071
743072
743078
743079
743080
743081
743089
743091
743095
743096
743097
743098
743102
743103
743105
743123
743236
743237
743245
743247
743248
743267
743273
743274
743279
743280
743290
743291
743329
743330
743346
743348
743349
743351
743365
743374
743375
743378
743386
743404
743431
743433
743446
743447
743457
743480
743488
743495
743558
743562
743575
743576
743577
743585
743586
743596
743600
743648
743649
743657
743658
743659
743662
743666
743753
743757
743760
743761
743762
743769
743770
743771
743815
743819
743829
743830
743840
743841
743846
743848
743852
743854
743918
743928
743933
743957
743970
743971
743984
743986
744017
744041
744050
744054
744055
744066
744069
744070
744084
744085
744131
744132
744142
744143
744153
744154
744158
744184
744187
744189
744200
744201
744486
744487
744493
744494
744520
744521
744523
744525
744529
744530
744531
744532
744533
744538
744539
744540
744541
744542
744547
744548
744549
744550
744551
744552
744553
744554
744558
744559
744561
744569
744570
744571
744582
744583
744584
744585
744586
744588
744589
744591
744597
744598
744599
744600
744601
744611
744612
744613
744614
744615
744621
744623
744627
744630
744634
744640
744645
744646
744653
744654
744655
744656
744657
744668
744669
744670
744671
744672
744674
744677
744679
744681
744686
744687
744688
744697
744698
744699
744700
744709
744710
744715
744716
744717
744722
744723
744724
744725
744728
744729
744730
744734
744735
744740
744741
744742
744745
744746
744749
744750
744751
744752
744760
744764
744771
744772
744773
744781
744782
744783
744785
744789
744790
744803
744804
744810
744811
744819
744820
744825
744826
744827
744830
744831
744840
744842
744843
744844
744845
744849
744850
744851
744852
744854
744865
744870
744881
744882
744883
744884
744888
744889
744890
744895
744900
744901
744902
744908
744909
744910
744913
744914
744915
744917
744918
744920
744922
744926
744927
744930
744932
744933
744935
744938
744945
744946
744953
744956
744968
744969
744970
744976
744978
744979
744981
744982
744983
744986
744987
744988
745037
745038
745041
745042
745054
745058
745060
745062
745068
745069
745071
745072
745075
745077
745085
745087
745088
745090
745093
745096
745101
745102
745103
745106
745109
745112
745116
745120
745125
745126
745131
745132
745136
745140
745143
745144
745151
745153
745160
745161
745167
745168
745170
745184
745188
745192
745196
745207
745208
745211
745212
745215
745216
745219
745220
745223
745224
745227
745228
745231
745232
745234
745235
745239
745243
745245
745247
745250
745251
745253
745254
745257
745258
745260
745261
745263
745264
745267
745269
745272
745273
745276
745277
745278
745279
745282
745283
745284
745285
745288
745289
745290
745291
745300
745302
745306
745308
745323
745324
745329
745330
745336
745337
745340
745342
745346
745361
745403
745409
745432
745442
745443
745444
745448
745464
745475
745476
745492
745505
745506
745507
745515
745516
745528
745529
745535
745536
745542
745548
745561
745562
745563
745569
745570
745571
745572
745582
745583
745588
745589
745595
745596
745597
745607
745612
745613
745614
745628
745629
745634
745635
745636
745650
745651
745658
745659
745673
745674
745675
745679
745765
745766
745767
745773
745787
745792
745793
745809
745810
745815
745816
745832
745833
745839
745840
745850
745851
745852
745858
745859
745860
745868
745869
745874
745875
745884
745885
745890
745891
745898
745899
745909
745910
745919
745924
745925
745933
745944
745945
745955
745956
745957
745969
745970
745971
745982
745994
745995
746005
746006
746030
746044
746045
746069
746084
746085
746126
746179
746281
746392
746393
747003
747080
747086
747089
747092
747093
747097
747190
747191
747198
747199
747202
747203
747209
747210
747314
747315
747320
747321
747335
747336
747338
747339
747700
747701
747704
747707
747713
747721
747723
747727
747729
747732
747734
747737
747739
747746
747752
747753
747756
747763
747764
747772
747776
747782
747785
747789
747790
747793
747795
747797
747798
747799
747802
747803
747804
747808
747810
747813
747814
747815
747819
747820
747821
747822
747823
747824
747825
747826
747827
747828
747833
747836
747837
747843
747844
747847
747848
747850
747851
747852
747855
747856
747860
747861
747863
747864
747865
747866
747869
747870
747871
747874
747875
747878
747879
747880
747881
747883
747884
747885
747891
747892
747894
747895
747898
747899
747902
747903
747906
747907
747908
747910
747911
747912
747915
747916
747917
747920
747921
747925
747926
747928
747929
747930
747934
747935
747937
747938
747939
747942
747943
747944
747945
747948
747949
747950
747951
747953
747957
747962
747963
747964
747965
747969
747970
747971
747975
747978
747979
747981
747983
747984
747987
747988
747989
747994
747995
747998
747999
748004
748006
748009
748014
748016
748019
748021
748028
748032
748048
748050
748054
748056
748060
748062
748067
748072
748076
748077
748083
748086
748087
748088
748092
748093
748094
748096
748097
748100
748101
748104
748105
748110
748111
748114
748115
748116
748120
748121
748122
748124
748129
748132
748135
748136
748137
748138
748142
748143
748144
748146
748147
748148
748149
748152
748153
748154
748157
748158
748159
748163
748164
748165
748167
748168
748173
748174
748177
748178
748179
748183
748184
748185
748187
748188
748190
748194
748195
748196
748197
748201
748202
748203
748206
748207
748210
748211
748212
748216
748217
748218
748221
748227
748228
748233
748234
748238
748242
748244
748248
748249
748250
748254
748255
748259
748261
748263
748264
748266
748269
748272
748275
748276
748278
748284
748286
748291
748293
748296
748297
748298
748299
748303
748304
748305
748306
748311
748316
748318
748320
748322
748328
748335
748341
748346
748348
748351
748353
748359
748360
748363
748364
748370
748381
748383
748388
748394
748396
748402
748404
748414
748416
748422
748430
748431
748435
748453
748454
748457
748458
748460
748461
748462
748465
748466
748472
748473
748475
748477
748478
748479
748480
748482
748485
748486
748488
748489
748490
748493
748495
748496
748497
748498
748500
748503
748504
748507
748508
748509
748511
748513
748514
748516
748517
748518
748521
748525
748526
748527
748530
748531
748532
748533
748534
748536
)


// ************************************************************************* //
